0.000000000000000000e+00 0.000000000000000000e+00 0.000000000000000000e+00
0.000000000000000000e+00 0.000000000000000000e+00 0.000000000000000000e+00
4.763270000000000337e+00 0.000000000000000000e+00 0.000000000000000000e+00
4.376159999999999606e+00 0.000000000000000000e+00 0.000000000000000000e+00
6.397260000000000169e+00 0.000000000000000000e+00 0.000000000000000000e+00
9.063740000000001018e+00 0.000000000000000000e+00 0.000000000000000000e+00
8.589320000000000732e+00 0.000000000000000000e+00 0.000000000000000000e+00
4.768320000000000114e+00 0.000000000000000000e+00 0.000000000000000000e+00
3.488449999999999829e+00 0.000000000000000000e+00 0.000000000000000000e+00
3.468920000000000226e+00 4.616200000000000081e+00 0.000000000000000000e+00
4.778659999999999464e+00 4.627280000000000726e+00 0.000000000000000000e+00
5.153139999999999610e+00 4.626929999999999765e+00 0.000000000000000000e+00
7.119419999999999860e+00 4.590069999999999872e+00 0.000000000000000000e+00
7.421740000000000670e+00 4.107340000000000657e+00 0.000000000000000000e+00
6.696359999999999424e+00 4.169229999999999769e+00 0.000000000000000000e+00
6.659410000000000274e+00 6.525619999999999976e+00 0.000000000000000000e+00
7.018099999999999561e+00 6.202099999999999724e+00 0.000000000000000000e+00
7.101870000000000793e+00 6.308179999999999232e+00 0.000000000000000000e+00
2.644859999999999989e+00 5.148220000000000240e+00 0.000000000000000000e+00
2.426989999999999981e+00 5.166830000000000034e+00 0.000000000000000000e+00
4.771869999999999834e+00 5.293470000000000120e+00 0.000000000000000000e+00
4.706730000000000302e+00 7.378750000000000142e+00 0.000000000000000000e+00
3.662049999999999805e+00 7.267279999999999518e+00 0.000000000000000000e+00
3.193490000000000162e+00 7.009290000000000020e+00 4.056639999999999802e+00
2.959629999999999761e+00 3.386200000000000543e+00 2.765679999999999694e+00
2.498749999999999805e+00 2.597709999999999742e+00 2.759560000000000013e+00
2.072659999999999947e+00 5.389059999999999739e+00 5.014079999999999870e+00
2.020829999999999682e+00 6.726679999999999993e+00 5.073249999999999815e+00
2.076999999999999957e+00 6.725130000000000052e+00 2.856920000000000126e+00
2.123080000000000300e+00 4.416719999999999757e+00 2.869330000000000158e+00
2.139359999999999928e+00 2.229980000000000295e+00 4.308939999999999770e+00
2.279810000000000336e+00 2.274320000000000341e+00 4.530929999999999680e+00
2.392930000000000224e+00 2.094120000000000203e+00 4.594649999999999679e+00
2.408789999999999765e+00 2.306559999999999722e+00 4.875199999999999534e+00
2.415029999999999788e+00 3.191399999999999793e+00 2.536300000000000221e+00
2.550730000000000164e+00 4.969769999999999577e+00 2.532729999999999926e+00
2.553770000000000095e+00 5.070510000000000517e+00 2.716479999999999784e+00
2.348250000000000171e+00 1.917939999999999978e+00 7.237509999999999444e+00
2.359869999999999912e+00 1.912430000000000074e+00 8.607049999999999201e+00
0.000000000000000000e+00 2.199399999999999800e+00 9.857219999999999871e+00
0.000000000000000000e+00 2.261619999999999742e+00 6.658870000000000289e+00
0.000000000000000000e+00 2.364990000000000148e+00 5.355339999999999989e+00
0.000000000000000000e+00 2.386470000000000091e+00 4.174599999999999866e+00
0.000000000000000000e+00 2.854220000000000201e+00 4.311620000000000452e+00
0.000000000000000000e+00 0.000000000000000000e+00 4.397669999999999746e+00
0.000000000000000000e+00 0.000000000000000000e+00 4.456570000000000142e+00
0.000000000000000000e+00 0.000000000000000000e+00 4.457309999999999661e+00
0.000000000000000000e+00 0.000000000000000000e+00 4.472979999999999734e+00
0.000000000000000000e+00 0.000000000000000000e+00 4.344520000000000159e+00
0.000000000000000000e+00 0.000000000000000000e+00 3.999130000000000074e+00
0.000000000000000000e+00 0.000000000000000000e+00 3.932120000000000282e+00
0.000000000000000000e+00 0.000000000000000000e+00 3.822269999999999612e+00
0.000000000000000000e+00 0.000000000000000000e+00 3.707409999999999872e+00
0.000000000000000000e+00 0.000000000000000000e+00 3.621769999999999712e+00
0.000000000000000000e+00 0.000000000000000000e+00 3.314870000000000427e+00
0.000000000000000000e+00 0.000000000000000000e+00 3.159320000000000128e+00
0.000000000000000000e+00 0.000000000000000000e+00 2.761479999999999713e+00
0.000000000000000000e+00 0.000000000000000000e+00 2.528059999999999974e+00
0.000000000000000000e+00 0.000000000000000000e+00 2.527209999999999734e+00
0.000000000000000000e+00 0.000000000000000000e+00 2.531330000000000080e+00
0.000000000000000000e+00 0.000000000000000000e+00 2.833410000000000206e+00
0.000000000000000000e+00 0.000000000000000000e+00 0.000000000000000000e+00
0.000000000000000000e+00 0.000000000000000000e+00 0.000000000000000000e+00
0.000000000000000000e+00 0.000000000000000000e+00 0.000000000000000000e+00
0.000000000000000000e+00 0.000000000000000000e+00 0.000000000000000000e+00
0.000000000000000000e+00 0.000000000000000000e+00 0.000000000000000000e+00
0.000000000000000000e+00 0.000000000000000000e+00 0.000000000000000000e+00
0.000000000000000000e+00 0.000000000000000000e+00 0.000000000000000000e+00
0.000000000000000000e+00 0.000000000000000000e+00 0.000000000000000000e+00
0.000000000000000000e+00 0.000000000000000000e+00 0.000000000000000000e+00
0.000000000000000000e+00 0.000000000000000000e+00 0.000000000000000000e+00
0.000000000000000000e+00 0.000000000000000000e+00 0.000000000000000000e+00
